458286
864196
1140267
1248131
565336
1140290
861575
1117776
1243497
1326568
653899
585087
1326298
662783
1345272
1882336
1326311
11703
1606852
470423
1909801
185943
122921
697778
1283811
500138
1581556
1326368
1326328
1326641
1856055
627248
1326226
122925
1326617
1129876
1243258
1346097
1454898
1168257
580530
909636
1134610
568318
185939
1367791
663244
122918
697737
1004825
697771
1454897
42778
1326300
261995
11057
2757772
1977310
758894
576572
568316
696586
679655
31648
696603
716029
11284
505129
1427976
933701
1169021
933731
1367843
1326339
1326685
911801
1299832
757000
1071027
662634
1140270
522652
1532709
1243308
1243478
1227807
864208
915344
59303
578843
909643
36427
1326385
565353
657212
529833
641362
2757780
1204793
510885
587206
185892
758902
1326471
185927
487339
657216
1326698
1569799
490294
796759
1326634
1169018
364990
948990
11064
690054
1529032
1892001
434941
10313
641364
1243290
861460
1454885
882809
1454906
933734
1766198
11278
1367798
915377
1539823
1855781
1326197
479193
1384673
1755354
2847138
1483499
526804
481717
389433
911781
1835821
864238
690049
1461304
1665645
232101
568329
505036
505063
580512
697746
31531
10338
12081
1243203
1326651
557245
407260
696593
1517622
185580
200686
716293
1283813
69162
1190954
326244
434950
1326606
1089795
320707
587280
388818
510847
407259
510865
1909803
697791
564276
80340
471908
1217117
416163
1367770
1943665
1326659
585076
200685
510835
1736719
1326407
1243408
1326417
139395
1072977
386707
1243452
889089
505162
526805
505017
1302699
101362
500030
1004830
705080
57279
624434
1072999
10418
1326211
1326216
1392220
2760818
587646
1169019
716387
501489
1855771
697743
1367759
624431
657206
489495
434958
332193
662641
57726
1427963
566593
1243440
31589
505143
1326649
716498
1256882
697950
510659
889095
1274224
669480
696570
1695185
657190
666970
696579
710752
479220
689710
1140361
662633
185925
1835797
531782
697741
743837
526799
1406940
1407717
487330
326221
1105026
568312
621276
909392
1795042
500113
1243550
510856
1367828
401627
697696
864235
1855749
889505
380390
1175308
2749421
1665682
1243419
505175
1517629
1646487
758890
505078
1326475
11029
464899
675665
1243515
1326361
909003
1461300
487333
1073007
1383583
1856052
1855741
864274
1334492
1326239
933721
1855795
1835822
1326187
507727
500121
82830
492506
31512
1326479
864275
1539824
490293
2905917
379447
1299985
1326565
587251
155429
627243
690074
580520
388824
765752
1326195
1577500
490295
1141754
1395183
408693
675669
1243262
11252
670786
1068803
697769
1755347
1184795
458288
3033760
1243555
1004848
1299962
1168273
28313
1326236
1326690
697690
1345304
208895
984287
1086572
526807
545131
539377
1326648
10925
517032
1243398
364984
684143
1073000
458269
1274249
464874
696615
11577
647454
12105
504975
1891985
2592526
1431822
370533
864260
1532710
1326548
1835840
517307
489500
1243273
434949
35337
1283799
1612205
1479611
1283803
1224529
1161740
1326696
510892
185893
1134638
658048
1074901
716187
1243469
713944
1184768
759801
505090
1407735
565359
1326713
130667
684217
1243281
905880
757005
669477
1544536
1243429
1683439
505116
507718
94432
1367839
503755
1274239
479191
1326545
1133023
504973
177895
641315
10408
500027
1326657
1686848
680271
587645
1326392
1855782
710751
876853
641329
580511
1243312
69831
1977311
627253
320705
458282
564228
1407716
1326514
1243409
507713
1117744
566616
1367778
1326174
1271535
1685050
529839
1326292
1299993
568358
11028
1256870
1243205
1407687
1973208
1326270
587234
11020
1243363
42770
1296208
580532
262858
624428
697794
1855774
1461306
1299981
1326299
464880
1407698
861580
389446
586430
565349
1299991
2421440
1243464
1184775
662623
684141
1283812
492508
1243416
1117801
861563
663253
1274215
1406941
754495
690059
2051936
452481
1646450
1511807
10923
1967315
500043
758915
368014
471905
1070816
1326515
1755341
598655
1326472
1326203
11137
1284687
1326636
1564217
716168
1309652
489463
185931
1248132
566576
1835831
504976
529827
70146
408871
882810
566628
1943658
580580
641331
489487
1835798
1140276
1461303
1116810
3019659
1004811
1224352
1309653
684135
984286
1299937
768576
905865
1140346
1326284
1835825
984283
1243214
1043223
928314
697709
1326231
698708
792688
510840
531928
1243498
566621
662606
933746
572416
1326691
505177
1755336
389405
1243372
1161733
500125
627250
36382
697689
2170203
1296204
489546
1092561
470592
1004862
489545
662618
911789
1243256
503770
1326670
564269
1140343
101357
874440
1461299
1140289
510841
1243192
185946
1755352
505142
864250
1736713
564275
1461302
1312075
31762
407135
33774
326215
1134634
147684
185902
1407681
1140352
1326494
1812175
1184790
874439
1454905
1695189
1070812
586453
392516
864216
697793
359942
662613
389455
1853823
1243396
1326574
1204787
1004819
566623
185923
517314
909635
380901
1299980
531770
483226
1539829
690048
580565
505068
325445
1140325
1387905
539375
1035696
980091
716423
1243436
568338
697619
1071023
1326160
1287867
1035680
1243414
1784942
1345294
1116813
489490
1326201
662644
10583
388823
566601
586458
564281
503773
500049
1184798
1532711
565337
1856071
641361
1204260
517305
262397
909629
195055
505105
1168259
1367805
1539760
471923
1539772
564256
505153
675664
756997
10967
12087
10963
379437
151530
11073
505138
1243189
697735
1243556
285262
464907
1326335
574985
684214
909014
389434
1326477
1224340
285420
1564243
12578
11708
130666
11707
500123
1204810
505229
261992
1243216
696600
1334499
1299952
505058
1326432
386706
1163370
1224535
531792
1419710
909006
1421649
1243314
10935
539372
31915
1326340
1539765
905852
564243
864214
434931
10245
434944
1517641
1326425
686153
2757778
1243347
445791
697695
505029
1326451
1517643
909638
1695197
1564229
1367764
36434
185917
434943
1326288
464892
1309657
686185
490296
684133
1407741
915378
1056493
1345298
2029708
568323
505003
55075
572391
1695199
641321
517312
716302
510895
510898
335103
1072988
53977
983473
36345
326218
697703
1517612
564229
195701
684138
564241
1326396
1326192
1894991
1891993
1326384
1835659
135733
1243448
1326531
980177
572396
1615611
1299930
905878
11069
392520
1862717
690061
1204233
1326367
1299939
1326710
1855739
333753
1129877
1835826
1299973
1074899
150717
434961
489470
10927
684205
1116816
1140287
1140301
1853812
864228
487325
1004847
1855809
1326439
911756
186538
1296199
1564235
716199
650130
389463
1853815
696621
565348
657215
44755
1686846
392517
754493
1243369
662627
1454890
1072976
1243370
79953
868773
147674
1004883
1545855
657209
370529
587248
649604
1577497
1367792
540994
586435
1835795
1454887
1093281
690042
1326725
911770
1283823
1517616
79694
253182
1035683
10928
545509
758899
684207
505151
1459051
12468
1345279
580548
585099
2664423
1842895
500131
686174
585097
31570
72140
1243261
1184785
1835813
59301
716026
1243489
1784941
1243412
237917
517026
686141
1815577
1855796
298707
586451
1204802
598657
686162
531768
1326230
1835838
356386
10370
511294
1161737
743841
1326638
60878
11294
587644
1070834
690044
861578
874438
1326567
696572
466217
1882333
1326450
641324
10314
504996
909004
1326449
1072975
662639
1891983
510883
864240
1307515
346049
1072998
1243499
1243247
690065
1326123
1004817
1243380
905889
12107
1835803
1855750
585098
1326283
11292
1243209
1959931
662625
1744853
697726
1871752
1345299
1243434
1299830
11697
183403
31636
804310
1577498
690071
564285
909008
566603
758905
1840793
905864
1243425
1161738
1299929
905876
566632
697744
641357
213997
864203
1204236
564252
505126
1695196
1326683
716060
1326169
489468
1086582
104626
1133025
684145
1853785
1326611
716009
470422
1326580
1326109
138951
1256874
1243307
1326469
1892013
864222
389442
1943649
1140273
28292
1077208
1168252
983460
638287
641334
889096
1243460
627249
1197118
1070690
54290
37296
580549
1326184
10413
1243287
1070830
1345270
1283816
1243473
641341
389450
675666
37107
983461
1243482
39013
1326318
716291
1400548
864233
31590
1326262
1243391
1326639
697712
684213
510900
716151
53982
697758
372590
489455
1326390
696601
489538
686171
1004850
1326420
669479
1699092
510870
576902
86107
587222
1835820
350832
1853797
1117745
684221
505072
1326495
689699
713942
1243527
1517614
365001
1243509
566588
298706
1274585
905882
446562
539380
1967314
2421439
11318
1326183
1299948
443954
185918
10303
1326707
1326551
1243310
1072985
686177
503772
1882332
1855807
572401
909038
429343
1134623
1140358
1406944
1835660
1027469
492507
905871
1326198
684152
648238
35304
389398
686184
911737
11259
680270
408598
1204792
1299942
980172
670015
505103
1105010
1326378
540992
564242
483223
1004876
657201
1973202
697764
1095052
1133024
905877
185897
1326566
1483691
44136
1421644
1973203
539359
2757781
564230
479219
650120
1243326
757012
1006023
864207
864192
1299983
39016
185932
469013
756990
1243413
911797
1326297
1345305
37758
564282
11079
1243574
467026
1532697
1532703
512345
64320
1326415
471358
641356
684161
1274242
1367772
505046
517030
185890
1407740
1835789
503764
1204808
507721
647517
306588
1161739
1117747
1072972
500126
500037
1496284
1454902
666967
670013
1326459
103922
624430
1380713
262818
572415
206160
586443
79064
1496285
10931
754499
1326313
301352
10301
686157
1564237
1892023
12063
452479
507729
716303
505101
684597
11239
586426
1462269
1853803
757015
864232
653893
568325
1117765
1835833
1326290
983459
571648
1072973
1856044
1072981
1004796
1068955
686181
648237
1326161
1243288
12084
1853791
410243
690066
864256
1056494
911790
1326341
1539827
684194
503768
2763913
1322091
430069
2870395
1071025
692532
1335903
489451
911816
500051
389449
500047
911795
10253
1529031
326226
716427
1943644
684197
1407738
1345284
1243563
1184782
689698
1461312
1326577
564227
1856057
580522
44133
1326119
1367781
1326669
911808
861472
984284
1407688
497747
1367842
434933
44019
1853802
1309650
510897
1326612
1383579
911766
379425
1835830
566604
1856078
1159003
1094387
1695184
1326608
505034
933728
1052603
500141
72137
1072979
10309
1243268
376265
1755323
684191
420174
504966
905873
3393935
504960
471903
911776
379450
580535
12870
882560
10426
10414
1326637
1204231
36384
489489
1134612
1274233
42788
933713
11068
1967317
1385608
580563
876854
1421670
648242
1070810
1193396
1326377
185940
684168
1243224
933710
523177
504962
1532701
529835
1421638
1427974
10631
505121
1856042
497746
1856047
981017
1326730
662622
1204256
1855761
1326525
186160
1004824
905868
1243242
53980
909654
1256877
379442
35274
669482
716510
627275
1295563
504983
290543
1421673
10310
689702
882804
686193
570834
505185
539361
716453
1296210
1243316
482133
909642
531783
31578
1140300
11588
909035
1004813
710748
297248
1169014
1326526
686136
585074
10252
864266
505168
1532700
687340
1326503
10407
434942
1461301
510834
510880
1004882
696568
1326205
505152
568349
662652
1407733
69166
539358
1243334
539355
662611
1168271
1133026
1384672
1243422
598673
626776
1224331
765756
2751883
10934
981019
1069547
96046
696611
1140291
471904
587278
987163
11059
909002
72135
483506
10566
504992
1304610
1224531
1517644
1855754
31565
1427968
501491
10248
1326442
1334500
933735
1326395
882805
3138874
505073
864278
505012
1840795
492511
697754
232102
627257
1855806
185944
1074422
686194
1496281
1243275
1243236
564224
1326182
510855
505044
557247
1395179
1326406
1517637
647550
10960
658052
103921
911760
1973206
38767
1326413
10369
1326534
1325136
1296209
1140314
1326303
427495
587212
641347
531775
479192
663255
1086570
1283802
1552912
905881
211044
1326678
1427972
364988
697718
12089
981108
1835832
1243272
1326391
697773
31635
1043220
905872
505230
910402
1421679
709492
1517639
716431
505102
1193393
1334497
505110
1169012
1855773
408685
1072540
697772
1326286
1140323
911796
539373
1835807
522653
1407679
1134627
1326291
568315
1004827
10798
505024
37755
864239
1296571
686159
12090
471094
505226
686163
510873
1461291
627272
138896
1140297
905861
587262
505089
804298
1407739
1736720
1326344
1853821
1326191
53017
1283820
1117803
1544540
1133027
864197
497744
1367834
1326215
911743
1367775
388907
716465
686170
1004797
1405541
185579
1529023
11238
1400549
10941
933716
410245
1326602
716035
2847139
911811
1168246
1407720
2021315
905855
1345289
686139
392531
1326569
647465
489467
684149
864187
1326113
500055
1271534
596277
1461310
1008433
375192
1517632
697723
510843
686150
1421639
568506
1140319
684186
1256871
394077
1004826
1325138
909023
31571
1892011
510844
627269
1116815
3087233
36389
1243442
1461313
580578
861582
1892009
716046
1695200
1004941
479199
1326627
1862721
795396
1140344
2759769
1755355
464912
983468
696576
1906356
1211017
1326117
1326673
1431815
861566
1004874
204932
1835816
1326256
1755346
2760819
410246
709488
557241
479208
1243438
1326342
208893
1193399
407261
861562
500127
1383582
138948
861470
756998
690050
864270
864204
12086
1004835
909393
1326684
587207
909044
10250
326222
1069673
1326265
1146934
1105009
10254
416160
1835835
1853790
905874
1326679
1299972
909391
569626
697729
1134637
1345266
150715
1072984
1072989
31642
1322102
1249858
1862722
1345292
150846
263598
1326336
1001057
10410
792682
587260
580568
1243379
691884
1070676
1309663
587639
458283
1299988
539390
1326149
460818
587264
1539798
232103
1004851
1326650
980175
1517611
1326263
525884
11298
1004857
1326598
1326468
980090
379446
564217
697738
505136
1243210
564267
1326661
1853801
864685
1283798
1855760
1243418
1243486
696574
1226503
147673
1004823
933723
1856050
669478
566611
911755
12637
1243257
1256595
1168276
1243358
1043217
471919
792681
2021318
11165
10933
464911
517114
1070683
1243232
587214
1367811
1395181
1326470
1326409
195700
1855798
566619
743840
1326398
1891762
864201
566600
1326369
1326539
1326277
981018
1326543
1299992
1243252
1326591
696582
1243213
1299987
1326654
1891187
1368314
697759
508361
641319
129951
1243383
909029
11926
1140351
1326458
10378
1345291
699024
464875
1326629
479189
1260939
505022
1855747
1856061
1973205
697756
1299834
504980
1326668
763792
1035706
1943651
657205
1335893
697618
758891
467352
2865370
1326130
933714
756068
1004804
510681
42771
37756
696588
566582
909009
887485
686145
531778
884095
1326628
1853789
669486
1615774
1326411
1243333
697739
1755331
627252
500122
11587
10361
490026
1140329
697748
1326204
150718
1134632
990147
1274228
1461314
504972
864269
11058
909012
1483500
1544541
905887
1181709
697760
539351
909653
1071029
505047
647330
879551
1892021
566631
1295523
539354
1181711
10259
31514
1894994
1243531
1243298
909651
580540
1326223
1326208
458272
1243502
1070827
464890
983472
909025
716216
566609
864259
1855762
408687
587250
653897
1204261
1140280
1454904
697706
1117771
1046565
1739614
489501
39085
1274226
716225
1326663
580539
35336
1856070
141270
70148
31640
1140278
11591
2865371
372632
1407689
1283814
587240
334591
1243350
1243339
1326255
698707
1736714
1856043
684185
1243410
1367771
1004794
941908
1326343
1326400
483221
507714
716023
684160
1755334
864262
471936
443956
1855813
452485
933727
2650411
657199
911741
710753
185910
1606858
1517619
657218
1243354
1204797
1309676
1695195
647527
1326618
756995
1169020
1071964
510661
140024
596280
675668
756992
1835805
510666
1326507
507715
587200
662646
1140268
1243481
11678
261994
500134
517112
505021
887487
489541
470594
1532696
371096
1326221
633553
1973201
517113
500137
864221
1856080
471721
490292
580572
1326715
1326512
31634
147675
1204803
1307512
503748
12097
984291
586450
1862726
505140
1326245
1345283
232095
1168278
2847137
1243466
1302702
561309
675661
489449
933725
1326144
566606
1077212
999466
464872
566610
933722
1461308
684177
1755325
185906
1283834
1414752
434955
1326720
679445
1484574
3075195
1243570
1140279
1862715
1326324
1326550
566573
564257
469959
510887
11580
490299
1326259
587246
3075194
1043219
1407680
1856079
36385
12099
528998
1755343
864254
504988
911804
568351
1856064
487335
11683
1299835
1193386
1243457
684220
290544
669481
1835809
744249
575939
1299933
170525
2751881
572397
1755329
12730
114769
385600
1243325
1168277
364999
1326677
1421677
1406943
545130
370531
933743
1072993
505127
1428460
10534
1243364
1224348
505120
757025
663250
466235
684150
716123
684204
1454895
1283808
1517642
1552892
1243494
663251
1204809
864194
505115
663259
1243293
2757790
11039
1367761
505065
510866
587261
911734
587255
566641
759802
1517621
696578
505083
479223
1326537
1552896
1283831
471934
12102
1086577
1283800
653892
792676
53964
1564233
1004865
1148771
1407726
32606
1461307
1367838
285424
503749
861577
1070802
1224334
1345297
1856048
580502
1862716
743956
449277
11908
505118
864200
624435
265000
663254
1004841
185934
12098
686183
444186
1326159
585065
1326419
661502
1407715
466234
36433
1274211
1326656
1326726
1853788
627245
1243387
1326266
580577
320709
1274232
792677
1243219
1853807
1074900
504955
684137
690062
11695
662626
1274231
1326701
504987
1334501
2697049
452482
471931
1072980
670788
1367821
1326241
911777
1326136
889507
1274243
658045
1274237
545132
580560
365004
45417
213998
1219352
911806
1004832
37137
641318
1517636
526796
647452
1755324
568359
1856067
1853809
1332734
1001625
684164
568362
1686847
2849769
2870393
1326607
1134628
262817
627246
1224327
183764
766987
697692
1134619
571505
1168274
1326269
684148
1326564
1004942
44132
1283795
1943645
1452757
889506
669484
1326253
408692
1684171
697687
1299963
911791
1427975
1606851
2757782
1243505
500025
500041
1283825
1326473
1461309
757007
586428
505109
11031
481718
1140364
539378
1159888
526801
1077213
1243395
1855805
1855755
1127363
884096
587254
434963
1243231
408694
1326186
101359
1367815
147676
689709
909027
983458
864258
11210
1204790
1299938
666966
1326122
697711
1326188
1862719
1326535
483222
1243338
1459675
697755
167324
1243185
11688
767476
1853814
1459047
1134636
471922
505033
410240
507728
1326640
1004807
434948
602074
368011
505145
1326632
1326275
1943662
1140262
1184792
568332
1299968
1243302
460817
864247
981129
1243572
504944
1853817
460816
573022
483507
458285
1406147
1140317
1140283
1243362
42772
909022
875495
444184
580536
1307164
1326153
874436
42781
410078
662638
757024
1529020
1299979
1345303
570907
434935
11043
909395
1243402
928294
587642
48542
180231
1243542
587235
859154
500033
1072978
1606854
684192
517115
580547
1243202
1326626
2043570
572409
864211
500116
592333
505150
1190959
1072543
1204788
1274246
1243491
1407690
1307511
505157
1856068
572398
716286
368010
1243562
709490
1287870
435952
1646452
500128
510879
1296213
1156074
1006530
1072550
12093
1004798
741342
564246
444185
1326448
580513
568369
326212
1140310
1224537
1853816
11090
517025
1243524
1326261
167127
627273
716520
1140350
686190
510676
490028
437606
1243399
1140258
696589
861471
1243264
885506
505061
1407719
38766
1326582
864682
505173
585079
585077
111609
2757770
1299932
1428458
505227
1326692
1274589
564261
372618
1072990
641326
684187
500040
503742
1545857
641355
1695198
132484
1307162
1405459
697770
1117793
1855785
500119
1326142
467025
1274236
716227
861474
1243234
652649
1326346
1326455
758893
10949
505112
1835839
434962
911787
1326222
376148
105503
1855780
505170
1074423
1105024
1326444
2777143
504959
684211
1855814
1087423
31704
326217
1140369
1074421
539364
392515
1159886
1326717
586427
1755353
301242
697784
1307513
2815257
1243285
627265
1334503
388815
568341
1326362
1891989
1243535
2040590
529837
1943648
504965
460815
1326353
572407
1299964
1383577
1217119
1421651
12106
503754
53979
195481
980093
11690
326210
39015
1552911
905863
1134639
1766194
505028
388814
1326224
804442
697768
1326428
1140360
1184791
1243208
1086579
757013
1855743
1326736
1335896
1140370
690072
690053
391649
1367827
1914544
1326118
931082
505161
1073004
663258
504956
1529022
697792
11169
684223
598675
505016
167126
1052604
568331
696567
1421674
1243454
684215
3003970
767477
10919
1326587
1182925
1367787
529834
641328
36388
1421646
864227
1274251
2757786
261993
572411
580542
1367797
1117772
697788
489460
79899
1646458
1068678
697747
407141
716283
568354
1326476
644773
1184776
504984
1855744
1299831
1140269
572393
1243267
1326173
697766
1517630
500140
504993
1871756
1326516
503759
12100
552809
1326575
505187
1856066
565354
578829
11676
587228
1243474
1243566
566584
1326150
1835792
464876
1326732
1224536
1296200
1855787
864273
1367823
11257
364991
757002
1116809
568330
696597
641340
696620
185905
1004816
113194
479211
566591
1855810
716031
875496
1140302
32605
1367832
437607
641338
479203
1140326
2021322
510876
1326689
1546164
767480
1140264
471921
1243337
1326493
861570
1211019
1345268
697745
510660
905866
564251
1367788
861468
505013
11173
290008
684218
568365
1345296
570916
758909
911774
392509
587270
379424
716204
1326146
464902
911803
199305
362784
479221
489503
392530
1073008
1117748
11694
496869
458284
1243488
662615
884097
875492
684136
517040
1243360
1683438
31513
1692155
565360
490298
505026
1299978
326213
1345287
1326140
1835790
539369
539357
645098
1243222
1326238
1243401
566640
380389
596278
1094440
587647
388826
1326592
657198
1168256
39054
1274216
1821752
478084
1397286
586436
564237
1683442
510858
864242
11679
1243451
1004856
1283819
1035691
487329
1051283
1755332
1326354
471935
633644
374598
1894997
10315
1326167
539397
10958
11116
1326293
1161734
1564213
526793
388799
641316
684224
364997
1211018
716042
37132
1071024
479213
1309658
1326519
1326171
1243504
1544537
675662
1204795
572417
1004873
697702
1326492
471909
1179682
1326189
1326332
122919
864261
696565
1544538
1695194
587643
526791
1345300
766988
435951
1243284
531795
2560602
10411
716502
1460698
566612
356410
1274221
686175
1407712
379441
1695186
587268
10956
489496
572412
526794
585730
657191
1094389
490291
505015
570913
1407727
1421666
392513
1322093
696617
1168264
1243376
864251
568357
572402
933711
392510
680272
292226
11682
170528
1243237
1326553
1326423
1224533
580554
1243388
1140356
1072968
1204799
864195
458275
1243227
1326711
1204230
1894995
1140293
1784940
1326321
686189
565362
165252
647516
1187998
1243248
1326127
1299833
185898
1105022
658051
670014
517024
568336
1004842
1243246
624436
132487
697740
420252
565361
1243467
587216
1006496
12538
36375
580561
1326405
1539784
756071
647337
684153
911783
568370
1532702
53965
708161
1243539
479214
505144
1546163
911738
909001
879553
905850
1431820
1450481
754498
1326645
868775
1853819
1606859
1243320
458278
510672
875493
469014
389453
379423
568361
1564245
1243424
1755335
572406
911736
1326499
1072551
464901
1326624
73483
379439
1070832
657192
580546
1243265
1129882
503758
1326521
11089
376266
1853810
1703863
1496282
1326488
391651
67605
1194338
53981
684158
911786
686148
1326571
658053
1322103
1695203
539395
1140275
1855812
3020264
10584
1287871
915382
1243269
503745
882806
1367817
662647
574748
573018
983463
568346
1004872
662637
909007
1973204
489464
1283805
511296
684193
686155
911814
1243518
1326664
684159
1302700
489462
1231331
1184773
933708
1070811
132475
716184
1326517
1274583
386711
1460706
1006028
1367813
1855788
471902
1856058
1472715
1892017
657213
697705
460813
505032
1072552
1866277
861579
697708
517311
502327
1140348
10952
138950
1326370
1006033
290547
1461305
503740
1855799
1086580
1116817
500036
1243432
1070835
1882338
1325137
1454888
1127360
1204800
1856063
31768
504958
11681
716301
505020
696581
697691
1973200
1127364
568363
1224303
1074898
580515
1243226
587205
1007019
1140306
501488
684184
1161736
568308
864220
564232
510901
1853826
167331
587281
933706
1243546
1517617
12475
1606856
716224
389448
1243368
505100
1856069
531776
1326350
416558
1168251
505146
72133
743959
697699
1326175
1134617
505148
487324
31706
864189
1695182
1224540
1299994
1539791
1094438
1326338
686954
505086
39005
1243322
1243345
580579
1094439
1326366
1517631
504949
517033
716311
511295
1224095
464893
1243554
576897
1161741
2200757
1190956
517313
568364
490027
376264
690051
1853798
504945
1326500
1856062
1326671
503771
1967316
1095055
2017707
379448
568348
1437470
1204267
568328
458270
624432
510853
69167
103929
1117799
568334
662608
504939
1326207
510893
909010
1224541
504974
434953
1537146
320703
686955
505008
580559
1326426
999467
489544
185921
566592
911762
1243303
1224342
1140359
641320
379443
490025
1243271
240592
392522
933747
766182
346048
686138
624437
1117741
1215684
911758
471938
525881
1226498
662653
690057
503750
1421641
1755339
293396
1539812
195478
1326532
531771
1140320
1224329
1204814
627258
1299959
1546168
1539809
568353
1287874
627274
1421645
470593
1127358
1204801
526808
1856075
662650
641350
882808
11074
864226
1856054
1169011
505228
641322
510891
539362
1529028
697727
1407707
1163371
566615
757022
531788
1070547
44419
1070688
1892027
504938
564273
389456
1093279
1405457
641348
10377
662635
1326563
684222
392518
11237
1243400
505001
1140296
53259
510670
689700
861463
864206
1326237
1882325
864209
792684
1204264
423446
1856084
653890
505135
31764
765759
1326373
285421
1943646
1928480
1855808
697244
627255
1545856
402043
539363
1004881
327105
320704
169533
1517628
487331
1326273
980174
1532704
2757776
10298
1072969
185937
1736715
1546162
864281
792680
864205
864215
743493
416137
580537
566613
2751882
1755357
1004860
1194337
36436
1450478
445793
1326482
1511733
301478
911742
684170
565347
510673
905856
1578041
1051284
1894996
72139
1855778
76592
217363
1204268
1407736
471928
1052888
10258
1287873
1326613
697623
333752
1856076
1140365
911778
1544535
1069548
1367824
1326603
1309662
587258
1326111
408691
471906
1835834
505066
1074420
36376
481539
1204794
1184781
1243484
1564239
651668
510882
743957
861565
1274234
513135
796760
1459672
1855738
586449
627264
1243238
1035692
1243365
482134
686151
37757
1326682
1140271
510837
1299945
564247
1326652
864249
1407676
696573
1243459
170523
531780
647335
10419
1855791
489459
1035699
1140313
1006017
364986
489458
308425
696606
510874
1322101
1461288
580503
1134621
11082
1322100
931527
566571
1204263
1072974
1299995
861462
1226493
505027
84272
889087
1168258
69153
673322
697776
1367810
1421664
684199
11164
911782
35333
1856074
500050
504982
1326547
464895
933719
410241
150716
1539797
185901
411152
1326599
1243514
481716
1345306
1835824
641354
333284
1326193
1326712
504978
1454899
710756
1326709
686180
53978
980178
698705
1326655
580519
1243249
1421665
1835828
450149
1326633
1326254
1243286
686178
1326456
1367804
487338
1168248
28285
505179
754492
746014
864219
434930
1243449
1326301
1326465
1299951
566617
662600
379440
410239
984288
566580
557232
641352
1855768
505158
1835788
12130
1243235
1862720
11033
1243239
911745
1326166
1856059
69164
1299836
1853813
1274247
1407723
1070684
861458
1117774
1140327
578828
1367831
586438
539376
1367809
1243571
1853806
1243245
1367768
757001
596276
1117798
716330
1383580
911765
1086575
909043
757009
1326375
1243477
10962
11053
1224332
933696
402044
509627
1421675
346047
517310
1554483
1943659
11044
1326357
204519
1296203
517116
31647
1407718
137876
1140304
464882
1367830
1072997
505005
1326155
686953
686164
1134620
12083
1326252
28875
10947
641332
570915
675663
517318
503753
1855801
1243540
10917
1086569
505106
1935387
669988
1326181
879095
1326589
1274217
686149
1184797
28326
586442
1326706
1326616
1035702
1004849
1004858
1184771
1367801
911809
1459045
587233
884099
10409
215680
479202
371095
1461292
483224
1140282
587230
1134640
1274218
911747
572395
11163
1309673
1326728
573019
1184778
798604
11319
1407700
586440
1326364
1871754
1326605
1326523
10421
697779
564278
1780347
1243485
1243444
1546176
1326356
1243433
497743
1226502
689703
392529
1688624
75325
479216
766986
493803
1529034
510848
2898086
1968826
679019
151532
1461311
909634
2152662
2316109
379444
1755351
45418
684174
1296198
1322098
11234
1184784
1243371
1299961
1326662
598672
2757774
11295
1690263
464905
1086584
221130
469010
1326323
1853825
460814
684208
3051246
684596
10376
531772
1072983
578827
522654
587237
464879
1606857
658046
510888
1243548
587208
647521
669485
1184779
1532699
170527
2760820
517306
933738
586433
1892005
1840796
449126
696599
489494
909045
1407685
11170
1326296
104625
587224
326204
911744
1326349
587211
566597
31581
1243404
126794
864190
70149
566029
1856072
1071965
716195
564258
1326452
564222
489499
1325135
505091
31769
1243560
1326594
505067
501493
909024
1283807
539386
31702
758892
1243311
911735
1073002
526803
684206
1299975
1326422
624433
697710
1043221
1335900
37106
505231
580570
1326600
909644
1070697
666968
1134629
1326653
262307
504969
684147
505007
1243294
1529019
290254
545676
1140303
641342
1326158
510903
1853782
471911
570833
575941
1004868
587279
1906355
505149
1256596
195476
686158
1043227
452483
1307504
1407691
1226501
12134
2764097
82834
568371
1326243
864684
182095
449280
1299957
1529021
1517613
1532712
1326309
479218
638281
879552
1450484
1326194
1461294
147711
545126
1755345
697775
716107
1043225
326230
1309677
1564241
909648
90961
79065
290255
580514
1326481
1326345
1326714
10280
1326401
1855765
1243450
1421650
626346
1326737
31613
627267
1646386
633643
2169701
911813
1313215
697621
513139
1072545
392514
1326305
1070546
1855793
172022
1407704
1891997
689708
11083
1243544
525882
10412
1326246
3115558
697751
364995
627254
500042
716229
1176035
1326258
2021320
647519
1835815
1326115
874435
1224339
1092563
510890
657193
684171
884093
416142
1683434
1326461
37129
1204237
31563
517039
1226497
1243193
11693
389409
580545
1326133
1326218
983462
1326363
507717
1193395
389435
69159
1326665
469015
911733
1517645
539384
1891987
638279
1326225
1326480
1454886
1274229
453115
1299954
1407705
107263
1736709
53976
911780
505164
1127362
10533
662621
510850
467024
372648
565364
122914
933707
517028
1326688
1004866
464896
147672
933695
1134635
1326302
571213
697722
1835801
11256
1326289
1204812
580518
758908
697093
505139
1326383
504977
652664
510872
2723667
44129
641325
11277
1292958
638288
909033
500045
696591
1243573
539400
1004880
690073
641349
624429
517041
1296212
1274588
565351
670791
558273
526795
697761
571650
410244
1326485
1274235
1274220
1168263
1283809
1168270
1335904
587266
684166
1815576
568320
861519
1395180
458280
1004795
1892025
1168245
1247260
1686850
1274248
587638
510662
505053
889098
684198
663256
1855811
1243529
1224530
500032
1243463
503760
388812
1307166
1086578
400034
657197
587243
1243528
641314
1217118
1299996
1427962
1546165
576898
1326619
1004802
31577
1439707
1243253
1169015
1326386
638299
356494
449279
889090
44131
1326536
2757771
1071961
657200
1532706
11984
1367841
556181
690046
1068679
1367773
507726
662609
1168279
517035
11065
1326723
1307168
657194
1427973
483220
911754
1326240
1755337
1243255
471932
1522773
1326431
501492
983464
904829
1077210
1117769
416557
1243553
564277
905892
347222
716185
884094
1326394
1552894
500029
539394
1193388
69168
1326330
1243228
1943661
539356
911802
696596
564272
909645
696607
566598
1481391
864680
539368
434954
911763
585078
716069
909639
531767
641317
1326163
710754
743954
301186
389403
1140307
684182
587242
1529026
758898
1386847
500054
1326209
161240
1195790
265871
31569
1326438
505160
1326185
1211016
364985
709491
696595
11236
526809
3070749
565344
558274
505128
1302698
1892019
1435148
1856065
435954
1243260
1243309
105505
1306931
933737
1243513
638275
598674
471920
572389
1243319
510839
911757
539371
1855790
479204
1345286
516714
434934
580575
1407724
365003
1529035
864198
1243217
507730
36439
200684
662643
10244
576901
1184772
1326151
1211021
1431818
1243223
1140368
1156979
1334495
31567
1345281
1204804
1296205
624439
684598
686144
504942
464909
627242
861564
1243465
1056492
587219
1564225
2777146
580555
909633
471916
619591
663257
686165
626344
1243186
984289
232109
716442
531790
363191
670792
1179678
1855802
1243229
1849797
1367782
1326658
500039
587247
185894
1326454
641351
510854
684216
265872
767479
713936
1224528
1140274
10950
285423
686154
31707
663252
1326306
503751
1517620
1226499
587220
1129878
464885
1500237
684209
675667
580564
505069
492519
263599
1326581
479212
915379
627271
505037
11105
346046
531796
1190960
585093
505159
1853811
469011
627509
933724
333751
539388
407258
1326206
388819
1140335
580556
1855803
232097
1326213
864280
372227
11070
1683437
1417981
1326272
575940
1243541
657214
1326718
374596
464888
690043
1224336
517317
471927
697757
1424309
1892003
1056490
1274587
503766
452484
2757787
911748
1307167
2021319
641337
905860
565342
416164
909036
185896
1564231
155430
1004886
11685
1855789
489497
568360
1459670
1243565
647336
587640
1380712
1243230
1421671
505154
1243282
757004
684225
10300
1193389
370532
1407702
911739
1367794
756070
1243366
231417
458273
641333
1853808
2691036
545127
1812176
1243266
505042
1967318
370534
1129881
10359
1243332
587256
31708
1140349
652674
1140285
505081
1367790
564266
1004834
933717
1140331
1871755
1243543
686956
326206
909034
1546172
1204232
759800
1917079
647449
1367786
586446
1421678
1243292
1326722
101361
1274230
697693
1326418
868565
1299935
182835
690082
756996
379433
1427966
185915
658049
690056
948989
1159887
497745
1004884
185911
657219
31699
11686
1030139
510679
587241
407140
564274
587269
505166
37324
434946
709493
1326522
1326430
716312
1173217
1326729
1835837
517050
1105021
686176
510863
627270
1431813
138897
749226
696614
1454884
539383
1406938
471917
1073005
171264
72136
1367767
1256875
1243456
471930
1326360
467353
374990
1367763
10948
1856060
285422
11272
564238
1070801
686188
586448
1326578
1326125
1544543
1532705
1072996
1891999
1243437
1243278
468920
31767
1256872
662628
564255
2757769
1299944
1070529
1283817
93986
1117782
1856046
564231
697753
449278
1169016
1326355
1665685
505049
662648
580566
57482
510665
1256878
389445
31574
1140312
1326446
641330
1326635
1243525
716158
388888
539387
1243313
500132
1004793
42783
185941
1299940
1326172
290542
310755
1070833
408690
1882327
1243462
1529910
505087
505004
1326371
570909
262584
1326382
1243240
1853783
540995
1193397
565335
1407722
1855794
1211020
1326660
1302703
1243317
510671
662620
1077211
122916
156647
792675
505023
1454894
580523
565341
568314
1243243
686169
500135
915380
758900
566585
933715
587274
1243182
505098
1326549
1326219
11297
1243558
500034
1243299
1326457
69163
864263
1204807
392528
697762
1072549
365006
392526
1243492
592335
487322
1134665
1204234
392525
710757
504967
1736712
1243301
531791
911764
684151
1529036
909031
1105025
1243225
1268791
1853805
587641
1295562
1168254
1307509
641327
53963
464897
460769
1695188
933705
73034
1243483
188538
1225730
39008
1326695
713945
1309660
662603
580567
1454907
2025839
507722
1140284
1140341
570906
662607
531785
1326708
754496
12082
2032992
11250
757010
1004854
1283796
505134
1243521
565350
504997
368013
1004809
1001056
568344
758897
1326380
1326643
1184770
587272
12080
1337059
658050
421877
564271
1274222
227984
564226
580510
515412
505059
1243342
2718608
1642950
1326541
1882335
1326280
1243532
479198
42776
504994
389457
1074419
1140277
686172
341980
1326620
1461293
1855766
861475
756991
1882329
697611
587245
479195
505071
697785
1243530
1243323
505147
1326474
11692
505014
1140339
911785
12070
1855737
1539795
1243378
45410
1282342
1529027
1243344
378262
1784944
1546173
484894
564284
864255
510674
1243250
500028
1459671
500046
428113
1326576
905888
12814
1326177
1072971
10425
505048
1736721
1184788
376610
697742
1134607
39767
1070527
1367826
662610
905870
566590
564264
504951
696571
31763
106820
1243496
391648
1326320
1755327
565338
697790
504943
1461289
1459676
1283801
106821
572394
10415
684595
586434
311339
11704
1326156
1326559
1326308
11553
1326282
500038
1243508
2757788
680268
529829
1243470
539360
1326447
697714
2170195
716104
1367765
1299965
1243218
1326274
1086583
1243188
379435
11172
699022
69165
638280
1326483
402042
1326506
697624
1772260
1544539
53975
1243405
505113
510899
434938
513136
504990
507716
1249859
864213
864237
209045
1243575
684594
505077
1326389
1243190
1383578
1243446
689707
1004845
915381
1530250
1459046
566577
70147
686152
684142
1243340
1855752
587025
10305
1459673
42779
351669
627263
568340
933700
1326359
1407692
1133028
232099
1326141
999890
1140366
42774
905883
1450482
1287872
1283815
686167
1736711
1736718
489461
580508
696563
1345282
657211
909650
517047
698704
1004810
1856045
1224538
1169017
1766195
580550
1326260
1243441
458287
689701
1200718
1407734
1184796
1326134
1243447
864231
587227
1334494
525885
568368
36383
697780
1407695
1243426
889086
33755
1326557
545508
1326294
2777145
1325139
410251
12509
150719
1224341
1326529
758914
510877
1855784
697719
1322094
1835804
531769
1004839
517308
31766
1243538
374507
566634
598656
911812
505125
696584
386708
1326647
500052
578840
507720
766985
1326170
1855740
1326478
889085
1309649
510667
933729
864276
1204813
40360
1546166
697736
586431
1326267
510682
1736707
504961
1265591
416159
386709
933702
1243304
1330491
159464
861583
662614
1243533
905886
434490
1407728
641360
389402
684139
10926
510894
716429
505137
684181
1326121
471910
510678
1243397
489469
1544542
1326129
505057
1326693
496870
909028
1326257
1148507
1529909
586441
1326585
1134340
290541
504947
1755359
1169009
11696
980092
42787
570910
684201
566636
1326244
467144
12101
2764122
573020
11171
1546171
1105023
757020
1073006
421879
504995
1226506
362651
669487
568347
1184783
1283810
407136
1421647
11168
662616
1322097
1755349
503746
379438
406269
566599
489465
1070831
911779
1421667
1004815
505002
566605
1326443
505124
713943
79952
641358
434951
489471
503741
627244
1134633
1140336
154633
11258
1326583
2974723
185930
1564227
1532848
1699095
79951
1326351
1309654
1326326
185916
33722
2773468
407138
326205
565357
756994
933726
697777
11032
697750
716215
261991
1243324
1326509
361066
11081
510869
1283828
864248
564248
716233
310756
1086571
741341
10946
1407686
713933
333760
710750
1421680
686179
428110
479200
1161732
505095
1292954
568343
684202
572390
376262
1530249
240708
1004870
1326227
1134622
504940
501495
1326705
12584
1299949
566614
10943
44135
11175
507724
1043226
1283827
471915
1517625
1326538
684195
1226500
909640
1243423
697625
911759
505064
1224351
11077
1855758
11285
1326699
31525
1073001
1243315
653896
1326644
1326436
11687
1855756
1569798
686146
505131
1407674
1140338
1140363
1004887
568310
48540
10632
1193392
657189
430068
1326561
689711
1853793
697752
642245
386705
135725
1140322
1755333
505075
326216
573017
592334
1072544
679443
10316
1169010
1891991
662642
911799
504953
1529033
1326249
1249090
500117
1407711
539389
42775
11038
1070826
1184777
1274225
487328
510868
1004945
1243289
39012
2487724
1326460
1006507
505018
122962
861473
1093280
983466
1243251
1168261
909021
587217
1168272
11706
757014
884098
713946
1307169
1070687
53973
861572
1695187
1309656
1129874
434957
1755338
572286
2847140
505104
505031
564236
641313
505082
1140318
1427969
587236
1427965
909637
1755348
306586
37759
1855783
568356
1168255
1849796
690047
626345
505171
1193387
570911
379445
1326135
1070740
1646436
496872
1004821
326248
423448
1407703
585068
909032
1380709
1906300
946522
864218
566570
568350
1168249
1004852
1299990
1004871
1035665
663248
1140332
1243510
716245
1224344
868774
1513822
1140272
1326233
1243385
864212
566629
1326610
510677
586445
1243468
1407684
531781
1646438
1243295
716081
320706
864223
641359
586432
1243305
101360
11261
1454883
517029
337043
42567
1326724
905853
716034
1219381
464900
185895
489450
684140
1367783
392519
710755
510886
505030
1529037
2757789
1168269
2757773
1243263
580557
996468
566633
1004844
453116
1035678
1299956
1140367
690052
1134625
696569
1140330
10951
510862
1882328
306587
410242
167128
1086573
598654
445792
1407677
765758
1243557
905857
580528
539367
326207
1243374
1454893
1407694
716178
1835791
505040
1243545
531789
11296
505123
1243277
1256876
1169013
31641
1117763
10630
1243431
11066
1296202
505181
122928
1168262
1004814
758903
2777147
1243211
1190953
627241
662619
905885
697765
1529030
1326232
909641
1326247
1853822
482130
1243215
1243204
1006055
909649
697724
911800
663246
1695201
11680
1407675
909647
1140321
504981
1302373
1651169
517111
566575
1004864
911772
1004867
1326314
1070682
539399
75918
505079
879097
565352
141265
1027470
566596
684131
662632
578831
44134
861581
1248130
505133
1755326
1855742
1243439
104240
1326453
57202
505155
389410
1546169
53258
1226492
1129884
1532713
1070675
696619
861576
1855800
512346
1140263
1243328
679444
1835657
1326319
1577499
458279
539385
392523
1326325
1288274
905867
446561
889091
1326399
653894
31591
768577
2848127
564262
1004846
1539777
1072970
1326555
1243330
1116814
983465
490133
1226496
1835655
144211
1367766
2870394
573023
684167
1009453
1326498
10422
1219350
1070828
374989
464910
1517634
905891
1461298
1326719
1086581
1326132
875494
757426
1335895
1835817
408689
1517633
747987
1855745
1068680
586444
864683
566624
388813
1367793
11162
464877
11300
1345293
82829
1326397
1204811
1367796
566639
754497
1072542
111468
587231
479222
1483690
564234
684212
861469
1520920
31579
909394
1243428
1072541
1326307
627247
36432
1134615
1943652
434488
2760809
933704
1224335
576904
690060
1243506
63421
1517623
713939
1004818
517027
1531489
1243517
909037
105506
526810
710758
1260938
696594
864264
1524961
697622
1326716
1546170
647458
199303
185891
531797
434956
1686849
596279
434960
1914543
864236
487327
1326687
151531
1006535
12092
1326139
1855776
1309651
1326116
505088
565365
1004878
1517627
1326210
1283826
44572
1855763
388816
2691025
1539816
1326625
1190957
1190958
566608
663249
697704
397542
1326287
658047
518987
1326126
36441
1326429
2654517
1326562
566579
566583
37136
505092
909632
566626
500048
1695191
1856082
464894
1326199
464906
1326735
73036
1243564
1539776
1326527
1326179
641346
580551
1646396
1093260
864199
1407706
539365
887488
1117795
11928
576900
689706
486187
402046
464883
1217120
1326152
510857
489539
1243241
573013
686186
573824
765748
72134
1069546
564245
185919
1224328
661504
864225
697721
580531
1299941
638286
2021321
572413
568307
861567
686187
911769
384626
378263
864229
1326402
1840797
1692156
1243191
1193390
933736
757008
713935
1326424
510842
1326486
684203
1134614
1184786
1140362
568322
1367833
1326445
510896
884100
1204266
504968
505074
1853818
326227
1428461
471925
368009
10251
690064
505085
1274214
564265
580576
1056491
505169
1407713
114770
1224343
765755
377613
10804
1835808
864282
1243359
167124
505117
1326554
11251
1943653
580529
1326435
1326178
1345285
983474
684144
1243479
716497
1972429
1421643
1326281
392512
1421648
504957
690069
1274586
1755356
1243549
31587
1287866
1043218
434937
510875
716084
1326464
11167
1116819
696587
36404
1906354
573015
861467
889097
1326217
1159885
1326276
1862723
1853784
1380711
587249
716135
1134609
578834
1006047
1224347
1335892
510861
1193398
1243198
1168260
564235
1367800
155538
680269
1004820
627251
1856051
329690
792679
1855769
1431816
743958
1243187
1243194
12088
410238
489452
496868
1226495
1483689
864253
686160
531787
3024541
37760
167125
1855736
416158
1140260
539366
510902
804315
565356
1287876
566630
379449
568333
1243184
566607
1140328
566618
981128
1159000
505050
1134631
1140299
1168265
10922
1004855
1345290
1326347
539379
657210
1326128
1909802
317879
326211
1140355
697763
716236
1431821
1243421
1326200
911767
864193
1326590
662605
864681
1907161
1803956
11174
479215
517309
710749
1862714
697620
1631305
1421669
697301
1326304
1367803
487336
1204265
1401315
445790
666969
666965
1326703
505122
1954145
716142
1855804
697300
1367822
1072987
1427971
931526
1517615
505070
1326733
1326601
368017
1243567
566574
1484554
500114
1072547
101355
526800
684176
529831
1517618
531786
167322
871649
470424
500026
716176
1326573
662617
697730
641323
1136260
1243382
684183
10916
933699
1326596
1459048
1462268
42773
564253
564223
1283806
566620
1406939
627268
716494
1421681
161239
1168253
658055
638276
507719
11041
3382294
1326528
503769
566586
1702293
1243349
10944
1405544
1431814
285002
1855746
10953
505060
1367795
697731
1546160
38804
10971
101352
696590
3020262
697749
580524
651733
505076
1134626
329689
1307170
1784943
510860
909000
1517640
10918
464873
686147
909016
1140357
1855792
177899
686140
458271
568309
408599
423447
1243336
1853796
517034
1326681
1008434
1296197
505183
10978
1243537
31645
368012
185914
2683323
1243200
1161735
1072994
587213
510846
1564223
505111
410233
1326165
1179680
684173
510864
1326376
1243375
11075
1326502
41856
1243392
529830
566638
647459
1835656
240709
151529
1569800
388905
864279
887489
1243279
1903318
1243495
1248134
31607
1283824
1335901
10307
1243507
1299953
1326441
1407710
1307510
517044
905875
1427970
1367777
2015550
1326738
566635
710759
464886
1295526
580517
1367819
434952
697734
407137
1322095
696608
11254
1326646
909020
1243331
195477
716117
413041
1407696
983471
434945
185909
380620
504989
864271
758889
1004877
505114
1853787
1224338
502326
909390
684210
1043222
11689
657207
1517626
195475
1326434
1140345
443960
568335
1243403
684162
697874
1243197
686161
2757779
539393
1695193
864244
1326597
909040
500129
263595
697717
10247
388904
504950
505062
1345271
1326487
1268792
2847141
1292956
1146936
517042
11255
1326310
1853780
1086574
690067
1665683
1274227
1326410
364993
504985
1326374
490297
627266
2021316
564260
696610
1326501
523819
1004812
684179
1243512
1326268
1326622
796210
458267
1117770
1184774
505011
697688
1431817
1552913
389404
909631
1052889
503761
31678
570914
480116
758911
1302701
564334
1345273
1134616
1006494
573014
641336
1326505
580573
1049161
11260
76591
1973209
879550
326224
505093
911740
368015
690055
1243501
1243296
386270
500115
1243341
11927
10255
505019
1454889
1074425
1326672
1117746
101351
1532707
326247
11253
657188
758910
672377
1517638
647515
1140266
1072539
31583
1097017
1856073
576903
642246
669989
1299955
572404
1299958
587267
10423
1004831
697298
641363
1326558
1367779
657202
1539759
1072991
572392
1140315
320708
1539825
1287869
1646444
1943657
39011
1683441
564250
1035687
1226507
662630
428111
434940
1856081
586452
757006
504971
501490
1367808
1299969
915376
36412
469476
1454892
384627
1086567
587229
1004840
510852
2757792
232106
1855779
487332
1326416
576571
566572
500124
1243329
170526
185929
905858
185942
326208
12135
1004801
1334498
11293
483225
697767
1140305
684226
1224350
505186
1140294
669483
1407737
1326242
109047
627261
517048
11211
1243480
122920
1243201
503763
716102
1211022
199304
1243453
505184
1184769
132485
743838
697728
1219353
1326331
911792
1367802
716200
1326604
31639
464884
1224337
568372
1243520
1070698
1755358
641335
505108
323226
580516
905854
1274245
2757785
1299936
1243280
3382295
1127361
861571
1224539
1243406
479201
713940
1326337
213999
911746
1500235
568324
1539769
487321
758906
1243353
684155
1140353
662612
983467
10915
510675
505080
1855764
1367844
1243568
1095051
1326630
1177628
388817
1326615
662631
1326190
1407682
2169991
1855759
697715
1072546
911752
1070531
489537
1326579
1043224
627256
1243291
1407697
1071966
1862725
505165
716298
2777141
1334502
10929
911794
1243493
580574
573016
756999
669990
1326570
587253
864191
587276
662601
909011
1326317
1326614
1853786
351680
326229
565345
713937
1367784
435953
1539780
670199
504999
1855797
861569
1161742
587232
410248
693632
697795
1326412
471924
1094388
1539799
1678143
372586
564268
933730
1299966
1345295
573021
564259
1631304
698706
1326145
500056
1243318
1486430
44017
104624
410249
185920
1367789
326228
1006008
1320095
326225
1326588
1326546
1140342
2654516
1856049
505119
1283830
487340
909013
905890
1532847
1335894
1140259
1529025
983475
713932
1004861
1326387
1219351
464904
392521
372785
471918
1193401
1326358
500139
2654515
1835796
564240
696623
391897
933748
505163
911761
1380847
468918
684172
686182
1243367
10317
586429
1461297
1367806
564239
1094565
933742
578839
905851
684146
517315
1006493
42786
566637
647520
1335898
464869
243803
684169
36443
11072
697707
933703
1274219
464887
587210
909030
1117740
1055980
471914
716074
1072995
662604
1546167
879186
73495
3020263
505132
392524
487323
1224346
1052890
574984
1835793
1204815
564219
690081
12132
307044
1326686
458277
36408
49892
1274223
1140334
1345269
122961
864188
1855786
984290
391646
69598
1326333
487334
1326143
686166
564244
504946
464870
479188
1307516
114408
410235
1004885
1243233
1309655
662624
505174
684134
531927
580538
653895
1335902
627262
539353
686156
507725
101363
560613
31637
909042
1882337
517110
1224527
1309675
517036
1243195
1439368
1326666
72138
1454903
1247259
663247
747986
1243335
586437
2854795
36352
371094
587257
1517624
684175
1367785
539352
1892007
508362
627259
1973207
663245
560626
670785
1326322
1140324
1461286
37124
1326623
1224349
10308
987162
748550
658397
684188
1134608
690079
1304611
262398
3019660
388796
2759770
1243343
864277
103911
864265
693016
587225
443952
1326279
531794
1326148
1243547
1407714
1299934
364992
510881
1226505
765757
1835823
122913
697713
1309674
1335899
1054332
11060
568345
1116811
911750
1094386
1326120
1326484
864234
1326264
1168275
185903
1335626
1326228
585094
861574
904827
504998
505130
1326393
1326112
195702
1243511
505097
510859
500133
1004946
505043
1299947
497748
564233
1367816
11702
647445
587221
1853820
697694
130668
11279
1326595
1187994
496873
1204791
641353
713934
479196
696583
1326511
684190
517038
911788
757011
1407699
576899
1326674
185907
565340
716137
489498
1407701
1326631
1755330
1326700
1117757
1129880
504952
326214
1335897
1326278
1070829
434959
1853792
1539831
443950
2847142
1407721
1326676
1665684
1204258
570908
697782
1116818
662654
565363
1882331
743962
503752
1367837
526802
716304
2487686
1755350
1247376
716152
1204806
716115
505009
641312
1070548
1891764
696566
1326680
690077
326209
505056
464878
1367780
1235996
578832
911773
2757784
690080
1129883
909041
376267
1274213
1095053
1835812
574986
505084
2021317
587218
502325
1896047
171615
2040591
684219
1051282
650132
479217
1243523
391650
758913
748551
1299943
1283829
1326250
1243519
911771
1299946
410250
1853804
529838
1243361
861466
1283793
151533
1072538
504970
713941
568321
208726
1086576
11085
1407729
325568
334203
792687
909396
1326704
1529029
1074424
948991
539401
10335
572405
1243346
235544
389447
1405458
565343
1853824
10954
697949
33741
388795
1326421
568342
517326
697698
716067
1367799
1117764
1326248
572408
911793
1296206
1835802
1326202
464889
1454896
909646
1367769
285418
909039
1243443
572400
1283821
1307161
1247261
11034
505172
686192
1428459
1943656
697626
684200
1243472
1452758
1552895
1326408
980176
911815
170524
911749
1334491
1855753
147685
505010
10299
1243417
1431819
79692
434489
1454901
1224534
1853827
434936
874437
474341
757021
503762
1070530
392508
662649
1134618
864268
1421672
684196
42780
1092562
879654
1326379
1256879
1326462
697732
1326463
36346
587273
1299970
1101405
486186
905884
308418
317880
185922
479205
1243351
566602
1326697
657208
580544
401074
1299989
1546175
1071962
1287868
572414
407134
1140286
505107
1243551
388906
389466
10246
662640
1256880
1326510
170529
697701
2777144
565358
392527
1326235
1943650
642247
758904
517031
500044
580533
1334496
31638
1105008
580509
1105007
1367836
1326285
1326124
1461290
1140309
1322096
1835810
1367776
1320094
1194339
1263720
386455
505000
12069
1243420
1134611
10610
42782
709489
587275
58535
1326131
1461285
909652
1243435
1326508
464908
697787
1407731
1495253
1004875
1093305
1035690
716267
911798
1243199
1168267
503765
505055
580527
1326524
1367774
1159001
684154
884101
1129879
517037
365000
1539782
1243407
1168268
503744
1204257
531774
31568
621278
641343
696564
1577717
1367807
696871
580562
1204789
661503
580526
1461287
1646489
1882330
697725
1004828
372642
697789
933698
1943655
509628
1326694
1604860
392511
757017
505006
150720
1326433
1070689
106517
79954
767478
1367760
911751
1835819
1835794
1755342
1243357
1309661
1326440
263596
864252
933720
1276261
1690262
1326229
1243411
1248133
1243300
713938
1117786
42784
1071031
1001058
298704
587204
1256873
578837
580534
1882334
539396
566622
185912
983469
572399
1274240
1117768
1606853
1407708
389444
33757
1004833
1140308
458276
757018
1072992
792685
185908
1140295
1326586
686137
510668
505052
690078
1943663
1071026
2772505
696585
1380710
1326572
564263
716493
568327
290579
993362
933733
1564221
568319
1243516
1326609
1243306
1243348
911784
686173
1349389
1274250
505039
2757775
1853781
382726
374597
1853800
758912
1326702
10955
587226
1072548
1073003
980094
503747
479209
1004806
1004822
748549
580553
517051
1006531
53974
905859
578830
1296201
1299931
1326490
931249
572403
1184498
11698
1606855
410234
587263
657203
1004869
391647
911775
572153
1695192
861573
1835799
765753
1322099
909019
12104
1326734
911807
587259
658054
1070813
689712
657196
765754
864246
1243455
122922
510669
500053
1892015
326220
716469
1326271
686168
1072986
1326675
1326491
1326584
364994
909005
510845
42769
173527
587215
1283832
1006495
763793
326245
10362
864210
1077209
1134613
434932
1546161
531784
1184787
758896
1450479
408870
1326404
981020
1243471
933744
565355
11063
118655
1326427
580501
697697
909026
933712
911810
1421676
1140288
696580
662636
71031
765749
564283
792683
464898
539370
758895
1421682
1299950
564279
2718606
1450483
505141
505176
389400
1307507
1243394
1367840
504979
756069
505182
10312
11578
1072982
481538
653900
364996
716082
765750
696612
389399
566627
882803
684157
864230
1755344
1140354
696604
586439
1326251
587238
1243206
372644
864243
1895985
647455
1345302
1683436
1326164
505038
1004829
124313
397342
1299997
1564219
1159884
407139
1517635
1789790
1243500
1326533
1326168
500130
864267
1140261
1243297
587209
1933901
539392
1855767
364998
1334493
1862718
1204786
2757777
1117754
1736708
647333
870835
1134630
1325140
1943654
653891
1840794
1283822
1326138
1326621
11235
1304751
468917
1755340
536060
933739
690075
1395182
504948
578841
1307514
10243
12079
587271
1134606
864272
479194
505180
1274238
587223
580505
697796
657204
1204798
696592
1193391
696622
1967313
517043
10304
756993
911753
2032993
185928
1071028
1326560
1454900
379436
1299986
1243569
195480
1004808
981109
909018
510664
389454
568326
1326154
1243377
408688
1326466
697774
1326114
464871
580541
1853794
376263
11078
1243475
684165
1204796
1569797
1243561
48539
10302
11021
1243393
1367825
1520919
1326540
1116812
326219
1326489
716446
566589
564254
36440
941909
1127359
568367
686142
1539790
1891995
758901
564221
489488
1665644
758907
301187
1367814
1283804
1405460
1004843
1299984
1006054
11705
1326544
879549
2905673
1299960
716439
1853795
529828
933697
1835811
368016
1001059
1496283
568352
526806
32603
580571
179011
1140316
1168247
1292955
911768
662645
61856
11699
1539779
587239
587244
568317
647514
1855748
754494
458281
10306
1197117
500136
1243221
517049
1268790
510663
12085
11045
566587
653898
1117759
933745
565339
185913
1532695
458274
1299974
388825
1326348
864245
1307163
407256
500031
1855772
1855751
568355
1856077
42789
1243373
716099
11067
539381
510851
2847143
690045
11691
539382
1283794
510680
861568
1326329
1243274
933732
167321
504954
1299982
578838
627260
42785
1326520
1184789
1140281
1159002
1385609
696616
1134624
1407683
1283797
347221
1326234
1307165
1427964
792686
1086568
1367835
558272
1544386
1243384
638284
1882326
686191
716463
505035
564280
696577
2848128
33729
2555554
1243259
11030
1243270
2718607
76590
31606
1243196
505054
105502
684189
657217
531777
44020
1243427
428112
641345
285419
1685049
1326381
1481390
716253
479206
1184780
1959932
697783
1564215
489540
1326552
440266
10360
3088344
504963
11036
1004800
564218
290314
1224333
566595
662651
757023
1736717
408686
1274241
11076
1431812
370535
510884
641344
434947
185904
587277
1461296
464881
1004859
933709
510871
11166
1326196
1327767
1093295
765751
1326162
1326365
1326542
10372
1326467
1326315
697720
1326372
1070836
31515
696605
1326214
1243276
326223
1835827
1914546
1459674
160797
529832
1862724
539391
699023
487326
1095054
1326137
1140292
505045
10961
2757783
1299977
864257
471907
1326180
526792
697733
1204235
1033850
1140347
503767
510838
33723
526798
1243389
1392219
509615
489454
684132
1345280
861461
409917
510878
1004799
1326731
496867
792678
1529024
505156
757019
379434
697716
545128
757016
684180
471723
1531490
1243503
1345288
510836
624440
1326110
1326642
1383581
1298362
1243390
568313
1326518
37754
11273
1835800
983470
904828
1326497
1146935
365005
1087424
1367820
1683435
1243430
2654514
1004863
1204805
1243386
570912
500120
1296207
44128
329688
510889
621277
36386
697781
505167
410237
479190
72132
434939
471937
911805
568366
350831
768575
1140340
566581
10968
1116808
713947
1326513
1190955
861465
1004837
10913
1345301
10427
469474
1326496
1309659
1243254
489472
1736710
479210
716000
1243559
568337
909017
1532846
1140333
487337
471926
1322092
503743
1105020
1856056
529836
503756
1943664
1809695
1056489
933741
515413
389443
11022
864224
471933
1481389
501494
1450480
1243526
1853799
909015
765760
10249
1326667
933718
690070
1243321
1943647
10959
1407732
1835814
1256881
10428
1004888
1299967
11080
1367762
10424
1894992
410236
1326593
1345267
696602
647462
464903
1243522
505178
1140298
1243207
684178
1299976
796758
1004853
580506
566594
11037
743839
1326556
326203
1736716
564220
1367812
1243476
1243490
510849
416161
386710
1243244
657195
887486
1529018
905869
443958
45408
743842
713948
502057
933740
2884179
1292957
10515
533185
686143
11086
580521
864202
564249
1954144
438764
1004838
1074418
1367818
1755360
1243534
545129
1407725
504986
464891
690076
419129
1326721
909397
662629
886989
882807
1224345
1226494
401671
580525
1400550
647334
716276
517046
1071963
1326334
1243458
1243355
1856083
540993
531779
1326327
984285
696618
372646
479197
1407709
10957
407257
364989
696575
1326414
1243415
1406942
1204259
1204262
1326212
1129875
517045
525883
1004805
638285
580569
1168266
1326176
57278
1326727
1224532
587252
36387
585088
492509
1755328
1855770
130665
1856053
79955
261996
1835818
31580
1243327
587265
262726
1095056
10363
566625
580507
1243487
470591
1299971
1226504
31605
1855757
270338
1326295
155431
1004803
1460005
697700
471912
505096
690063
572410
1539821
517316
1243356
1283833
565346
295027
1894993
864217
580552
36435
479207
505094
1243461
1243552
148357
389385
1835806
1004879
662602
566578
684163
1628018
471929
364987
747334
496871
1695202
757003
1224330
1532708
505099
1168250
69169
586447
435895
1461295
1683433
1695183
1326312
531773
1274584
617102
507723
489457
1140311
1407730
691321
1546174
905862
1407693
747988
568311
539374
1326316
31566
1326352
864241
539398
690068
1243536
505041
1326388
365002
1140337
1296211
1552893
1326157
928302
1274244
1283818
11062
1855775
1243283
504941
690058
1421640
1407678
696609
670787
697786
505051
1421642
1326437
580558
1326504
1868658
564225
1243381
1695190
1367829
564270
1243220
1326530
531793
1427967
11684
177898
741343
10805
696613
101350
526797
1219761
1326220
980173
568339
641339
1004943
1326147
580543
410247
580504
1835829
1835836
1243212
1855777
1243445
624438
1683440
1421668
201444
696598
909630
274042
504964
1004944
1243352
510867
185935
1140265
1454891
578842
1545854
684156
185924
11701
568507
1500234
469012
1500236
1322090
536061
427494
1896046
500118
468919
504991
182494
1943660
31588
326242
1835658
503757
460819
905879
1326403
3138873
500035
505025
2815258
